11.5667  13  14.4667  15.2333  15.9  16.1  17.2  17.2333  18.1  17.8333  18.8333  19.3333  19.7667  20.7  20.8333  20.8333  21.0667  20.8667  20.5333  20.7667  21.3333  21.6  21.5667  21.2  22.0333  21.4333  22.7333  22.7667  22.6667  23.1  22.9  22.6667  23  23.3  23.4667  23.3  24.2333  24.1333  24.2333  24.2  24.4  23.9333  23.8667  23.6667  23.8333  24.0333  23.9  24.1667  24  23.8  23.9333  
11.4  13.5333  13.4333  14.5667  15.6667  16.8  17.0667  17.4667  18.1667  18.3333  19.1667  18.9333  19.4667  20.2667  20.5  20.8  21.5333  21.9667  21.8  22.3667  22.5333  22.7667  23.0333  22.9333  22.9333  22.7  22.8667  22.4333  21.4667  22.2  22.1667  22.0333  22.8667  22.9  22.6  22.2667  22.0333  21.7333  21.5333  22.1333  23.1  23.2333  23.5333  23.9  23.6333  23.5667  23.2333  22.8667  23.2333  23.3667  23.0333  
11.5  12.4  12.8667  14.3333  14.5667  17.1333  19.4333  19.2333  20.1333  20.3333  20.2333  20.4  20.1333  20.4667  20.4667  20.4  20.8667  21.4  21.8667  21.8667  22.8333  23.1  22.9333  23.1333  23.0667  23.2  22.9667  22.5667  21.9333  22.2  23.0667  22.9667  23  23  23.0667  22.8  23.6333  23.3  23.1667  23.6333  23.5  23.7  24.2667  24.4333  24.0667  24.1667  23.8667  23.8  23.6  23.6333  24.1667  
11.2667  12.9  14.4667  15.3667  15.9333  16.5667  16.8667  17.2333  18.1  19.5333  20.0333  20.8  20.7333  21  20.9667  20.7333  21.0333  21.4  21.7667  22  21.6333  22.1333  22.2  22.4667  22.9  22.5333  22.3  22.2333  22.6  22.5667  22.9333  23.2  23  22.9667  23.5  23.4667  23.5667  23.6  24.1  24.6667  24.1333  24.1  24  23.7667  23.7667  23.3333  23.2333  23.3333  23.3333  23.4  23.6  
11.2333  11.7  13.2333  13.3333  14.6667  16.2  16.4  16.7667  17.4333  18.5667  18.8667  19.4667  19.7333  20.3  20.7  20.8333  20.8  21.2333  21.7333  21.7333  21.2667  22  21.7667  21.7333  22.0667  22.6  22.3333  22.6  21.9667  22.1667  22.1333  22.6667  22.9667  22.6667  22.8667  23.1333  23.3333  23.3667  23.8667  22.9  22.8  23  23.5667  23.8333  23.9667  23.9  23.4333  23.8  24.1  24.2  24.1333  
11.4667  13.1667  14.3  14.8  15.3333  16.3  17.2  18.3333  19.4333  20.1667  20.3333  20.6333  20.4  20.5333  20.8333  21.2667  22.0667  22.5667  22.8333  22.6333  22.1667  21.9  22.7333  22.8667  23.1  23.3  23.0667  22.5667  22.3  22.3  22.4  21.9667  22.6333  22.7667  23.1667  23.5667  23.2667  23.1  23.0667  23.2667  23.3333  24.2  23.8333  23.6667  23.1  23.1667  23.3667  23.1333  23.4667  24.1333  24.1  
11.3333  13.0667  14.3333  15.4667  16.4667  17.5  17.8  18.5333  18.2667  18.8  19.3  20.1667  20.4333  20.6667  21.1  21.5333  21.5667  21.7  21.9333  22.3  22.3333  21.9667  23.1333  23.0667  23.0667  22.7333  23.0333  23.1  23.7  23.4333  23.9333  23.7667  24.2333  24.2667  24.3333  24.1667  23.8333  23.5  23.6  23.7  24.1667  24.6667  24.3333  24.5667  24.3333  23.8333  23.6667  23.3667  23.7333  23.7  23.6  
11.4667  13  13.4333  14.0667  14.8333  15.2667  16.3667  16.5333  17.2667  17.6333  17.3333  18.1  18.7667  19.1333  19.2667  19.6333  19.9  20.1667  20.6  20.6  21.3  21.0333  21.0667  21.4333  21.7333  22.4333  22.2667  22.7333  22.6  22.9  22.8667  22.2333  22.1667  22.7  23.2333  23.2  22.9  23.3333  23.2667  23.1667  22.3667  22.0667  22.0333  22.4333  22.7667  23.2667  23.3  23.4  23.5  23.7333  23.7667  
11.4333  13.0333  14.0333  14.4  15.2333  15.8667  16.7333  18.0667  18.2  18.2333  19.1  20.2  21.0667  21.1333  21.6  21.8667  21.7  21.6  22.4667  23.9333  23.2667  23.6  23.2333  23.5  23.5  23.4  23.4333  23.0333  23.2333  23.6667  23.3  23.6333  23.8667  23.9  23.6  23.8667  23.5667  23.3  24  24  23.6667  24.0333  23.8  24.0667  23.9667  23.7333  23.5333  23.6  23.4333  23.2333  23.2333  
11.1333  12.7333  13.4  14.4333  14.9667  16.5  16.8667  16.8  16.9  18.4333  19.4  19.5667  19.7  20.1667  20.8  20.7  20.8667  21.2333  21.4333  21.1  21.1667  21.3667  21.3333  21.6333  22.4  22.7667  22.4667  22.5333  23.1  22.4  22.7333  22.6  22.4667  22.3333  22.3  22.3667  22.9  23.2  23.0667  22.7  23  23.1333  23.3  23.1333  23.2667  23.5  23.5333  23.9667  23.7  23.4667  23.3667  
11  12.7  13.5333  14.5  15.4  16.4  16.9333  17.3333  18.2667  18.8667  19.6  20.2667  21.0333  21.2333  21.4  22.3  22.4  22.7667  22.8333  22.6  22.5  22.3  21.8333  22  22.3667  22.7667  22.8  22.9  22.9333  22.6333  22.8333  22.8  22.4  22.4  22.2333  22.2667  22.5333  22.8  23.3667  23.3  23.6333  23.5667  23.8  23.6  23.6667  23.4333  23.2667  23.3333  23.6333  23.8  23.4  
12.2667  13.0667  14.6333  14.5  15.6333  16.0333  15.8667  15.8  16.4  16.5667  16.5667  16.3667  16.8333  16.9667  17.7  18.3333  18.1  18.4333  19.2333  19.6333  20.3  20.1667  20.5333  21.2333  22.1667  22.3667  22.1  22.3333  22  21.8  22.0667  22.2667  22.5667  22.3333  22.7333  22.7667  22.6333  22.6  22.3333  21.9667  22.1  21.7  21.7  22.0333  22.4  22.2667  22.4  22.3  23.5  23.7333  23.8  
11.6333  12.1667  12.9667  13.7667  15.3667  16.6  18.1667  19.1  18.9667  19.6  19.4333  19.4333  19.6  19.3667  19.1667  19.8667  19.8  20.0333  20.0333  20.1667  20.8333  21.4667  21.2333  21.5667  22.0333  21.8  21.7333  22.0333  22.1667  22.4667  23.0333  22.8  23.2333  22.8333  23.2  23.2667  23.0667  22.7667  22.6  22.2  22.4667  22.2333  21.9667  22.1667  21.8  22.4333  22.0333  22.3667  22.3667  21.9  22.3667  
12.0333  13.9667  14.6  15.1667  16.6333  16.8  16.8333  18.4333  18.9667  19.1667  20.3333  20.7  20.6333  21.5667  21.6667  22.0667  22.4667  22.4  22.1667  22.1667  22.0333  21.7667  21.8667  22.0667  21.8667  22.3333  22.7333  22.4333  22.6  22.6  22.5333  22.1667  22.8333  22.6333  23.1333  23.5667  23.7333  22.9667  23.1333  22.9  22.5  22.6333  22.8667  23.4  23.4333  23.8333  23.9  24.2333  24.2333  24.0667  24.5333  
11.6333  13.0667  14.2  14.8333  15.7667  16.5333  17.5333  17.6667  18.4  19.0333  18.5333  19.1  19.4333  20.1333  20.8333  20.7667  20.7333  20.7667  21.6  21.5667  21.6  21.2  21.6  22.2333  22.1667  22.0667  21.9667  22.0667  21.5333  21.2  21.3333  21.2  21.6  21.5  21.6333  22.1333  22.2  21.7667  21.9  22.4667  22.5  21.9333  21.9667  22.1333  22.3  22.2333  22.7  23.0667  23.9333  23.1333  23.2  
11.0667  12.3  12.7  13.6333  13.9333  15.1  15.6333  17.0667  17.7667  18.4667  19.3  19.3  20.1  20.2  20.2  20.5667  21.1333  21.2  21.3333  20.7667  20.9  21.1333  21.6  22.7333  22.4333  22.4667  22.3333  22.5  22.3  22.2667  22.4  22.6  22.0667  21.7  22.9  23.4  23.4  23.2  23.3667  23.2667  23  23  22.7  22.5333  22.2667  22.3667  23.3667  23.4333  23.3333  23.9333  23.9333  
11.9333  14.3667  15.1  15.9  16.5  16.8667  17.2333  17.5667  18  18.6667  19.2  18.6667  19.0667  19.7667  20.5667  21.2  21.0667  21.2333  20.7  20.6667  21.2333  21.4667  22.1333  22.9333  23.3  23.1667  22.8  22.7667  22.5333  22.8333  22.5667  22.9333  22.8667  23  23.3333  22.8667  22.2333  23.0667  23.1667  23.5  24.1333  23.4667  23.6667  24.2333  23.5333  23.4667  23.8  23.8  23.6  23.7333  23.5333  
11.7333  12.5333  13.8333  14.3333  15.1333  16.1  16.1333  17.1  17.3  18.1333  18.4  19.1333  19.9667  20.5333  21.4333  21.8667  21.9667  21.6333  21.4667  21.9333  22.1333  21.9667  22.7  22.6333  22.3333  21.8667  22.4333  22.8  22.3333  22.3667  22.0333  22.1333  22.5667  22.9  23  23  23.5667  23.2  23.1333  23.6333  23.2  22.5  22.3  21.6667  21.8333  22.0333  22.3667  22.7  22.1333  22.6667  22.6667  
11.1667  11.5667  12.1667  12.5333  13.8333  14.5667  16  16.5333  16.6667  16.6  17.7  17.8667  18.4667  19.0667  19.2  19.4667  20.1667  20.7  21.4333  21.3  21.1333  20.8  20.8  21  21.3667  21.8  21.6  21.5333  21.5333  22.1  21.6667  21.3  21.5333  21.4333  21.8667  21.9667  22.2333  22.3667  22.3  22.1667  21.9333  22.2  22.7667  22.6333  22.3  22.4333  22.4  22.3333  23.1667  23.2333  23.0333  
12  12.4667  13.6333  13.7667  14.9667  15.4333  16.2333  17  18  18.7333  18.8  18.9667  20.2333  20.4  20.4333  20.6333  20.7333  21.2  21.6333  22  21.7333  21.7333  22.0333  22.6333  23.1  23.0667  22.7  23.2667  23.8333  23.7333  23.9667  23.7333  23.5  23.4333  23.3667  23.6667  23.4  23.6667  23.5333  23.3333  23.6333  23.6667  24  23.6  23.5667  23.1667  24.1  24.2667  24.5  24.1333  23.5667  
11.3333  12.8  13.8  14.5  15.4667  15.8  17.4667  17.9667  18.6  19.5667  20.1333  20.5  20.6667  20.8667  21.3333  21.6333  21.8667  22.3  22.6667  22.8333  22.6333  22.4  22.3667  22.2333  21.9  22.2333  22.2  22.5333  22.5333  22.7  23.0333  23.2  23  23.6  23.1333  23.2333  23.0333  22.9333  22.9  22.9333  22.9333  22.7333  23.2667  23.4667  24.1333  24.2333  24.1667  24.5667  24.5667  24.6333  24.3667  
11.7333  13.2333  13.7333  14.3667  14.8333  15.3667  16.1333  16.6667  16.9  17.6  18.1  18.8  19.6333  20.3333  20.7  21.1667  21.3667  21.8333  21.8333  21.5333  22.1  22.3667  22.5333  22.6  22.8667  22.9667  23.1  22.9  23.2  22.9667  23.2667  23.4  23.5  23.8  24.1333  23.7667  23.6  23.2  23.1667  23.2  23.7333  23.1333  23.1  22.8333  22.8  22.5667  23.7333  23.5333  23.9  24.1333  24.6333  
11.3333  12.6333  14.4667  15.1333  15.7  16.5333  17.2667  17.9  17.9  18.6  18.5333  18.6  20.2333  20.5333  20.9667  21.4333  21.5  21.6333  21.4  21.4333  21.4333  21.4667  22.2333  22.6333  22.6333  23.1667  24  24.0667  24.0667  23.8333  24.0333  24.7  24.4667  24.2667  24.1667  24.0333  23.9667  23.8667  23.8667  24.0333  24.3667  24.3333  24.2333  24.6  24.3333  24.4  24.5  23.9333  23.9  24.3667  24.7667  
12.2333  13.7667  14.6667  15.8  15.6  16.5333  17.3  17.2333  17.6  18.0333  18.6667  19.0667  19.2  19.4667  19.8333  20.4667  20.6667  20.4  20.5333  20.5  20.8  20.8667  21.1667  21.3333  21.5333  22.0333  22.1  22.1667  21.9333  22.0333  22  21.7667  22.2333  22  21.4667  21.4667  21.6667  21.9667  22.0667  22.3333  22.1333  22.0333  22.1  22.0667  22.4333  22.0667  22.5333  22.9  22.7667  23.0667  23.4667  
11.6333  12.9  13.4333  14.3  15.4333  15.8667  16.4667  17.1  17.5  18.0333  18.6  19.0333  20.2  19.7333  19.7333  20.0667  20  20.7667  20.8667  21.4333  21.9  21.1333  21.3333  21.9333  21.7333  21.8333  21.8  23  22.9333  22.8  23.0333  23.2  23.2  23.5333  24.1  24.0667  23.8333  23.8333  23.6333  24.1  24.0333  23.9667  23.6667  24.1333  23.9333  23.5667  23.7  23.9333  23.8667  24.0667  24.3667  
11.3  12.3333  12.6667  13.6  13.3667  14.6  15.7  16.2  17.1667  17.9  18.1333  17.7667  17.4333  18.2667  18.7333  19.5333  19.4667  19.5667  19.8667  20.6333  20.7  20.6667  21.4667  21.7667  21.9333  21.9  22.7  22.9667  23.1  23.3667  23.3333  23.4  23.5667  23.5333  23.2333  23.2667  23.5333  23.5667  23.4667  23.4  23.6  23.1667  22.8667  22.9  23.1  23.0333  23.2667  23.4  23.8333  23.6  24.1  
10.7667  11.7333  12.7333  13.8333  13.8333  14.9667  15.3667  15.9  17  17.3667  17.8333  18.1  18.8333  19.2667  19.6333  19.9667  20.1667  20.1  20.4  20.6667  21.5  22  22.0667  22.3333  22.7333  22.7667  22.9  23.2667  23.1333  22.8667  23.1  23.6  23.4  23.2667  22.8667  23.0667  23.5  23.3333  23.4  23.3  23.1  22.7333  23.1333  23.1  23.1667  23.7333  23.8333  23.9333  23.7  23.5  23.1333  
11.1667  11.8333  12.5  13.0333  14.0667  14.9  15.1  15.1  16.1  17.0333  17.3667  17.1333  17.6  17.9  18.3  19  19.1333  18.8  19.6333  19.4667  19.5  20.1333  20.9333  21.7  21.8333  22.5333  22.9667  23.0333  22.8667  23.0333  23  23.8  23.8667  23.9333  23.6333  24  23.9  24.1667  24.0333  24.1333  23.8667  24.4  24.4667  24.4  24.3667  24.1667  23.9333  23.6667  23.4333  23.9667  24.2333  
12.0333  13.5667  14.6667  15.6  16.2667  16.8333  17.6  17.7333  18.3  18.6333  19.1  19.7667  20.2  20.3  20.5  21.3333  21.6667  22.4  22.2  22.9  22.5  22.7  23.0667  23.3667  22.8667  22.6  22.5  22.5333  22.7333  22.6333  22.5667  22.7667  23.1  23.1333  22.9333  23.0667  22.5  22.6  23.0333  22.8667  22.4  22.5667  22.8667  23  23.4333  23.5667  23.1333  23.1667  23.4667  23.3333  22.7333  
11.3333  12.7  14.0333  15.0333  15.6333  16.1  17.2333  18.6333  19.1667  19.6  20.6333  20.6667  21.3333  22.0333  22.0333  22.6333  22.2667  22.3  22.7667  22.4667  22.3667  22.3667  22.1667  22.7  22.6  22.3333  22.6  22.2667  22.9667  23.3  23.5  23.4667  23.1333  22.7667  22.9333  23.5  23.8  23.7  23.7  23.6  23.9  23.7333  23.3667  22.9  22.5333  22.4667  22.5333  22.7667  22.6333  23.6  23.6667  
