11.4667  12.2333  13.6  13.1667  13.3  14.2333  14.0667  14.5333  14.7667  15.3333  15.1667  15.6667  15.6  15  14.9667  14.7667  15.4  15.9667  16.3333  15.8667  16.3667  16.6  16.2333  17.2  17.4333  16.7333  16.7  17.3667  17.9  17.4  17.6333  17.5333  17.4667  17.4  17.1  16.5333  16.0667  16.9  17.3333  17.2  17  17.7333  17.5  18.4333  17.5  18.1333  18.8667  19.5333  19.7333  21.2667  20.6667  
11.9  11.4667  11.4  11.9333  11.6667  12  12.4667  14  15.2  15.4667  14.9667  14.8  15.8667  16.1667  15.5667  15.9333  15.6  15.1667  15.8  15.5  16.4  16.7333  16.7667  17.8333  15.6667  16.3333  16  15.6667  15  15.9  16.6  16.3333  15.5667  15.6667  16.4667  18.2  18.4  18.6  19.1667  19.9333  19.8333  20.2  19.3  20.4  19.9667  20.3  20.9  20.6667  20.4667  20.4333  20.5333  
11.0333  11.7  12.3667  12.2667  12.7333  12.7  13  14.1667  14.7667  14.5667  15.1333  15.4  15.9667  16.7333  15.4  16.0333  16.3667  16.0667  16.3333  15.9667  16.4667  16.7333  16.2667  16.1667  15.9  16.5  16.6333  16.1333  17.6667  17.3667  17.0667  17.4667  17.4  17.6667  18.1  18.3667  18.1667  17  17  16.2  16.7333  17.2  17.2  17.1  17.2  17.6333  17.2667  16.8  16.9  17.6667  17.6333  
11.8667  11.9  12.1333  12.9667  12.6  12.4333  12.7  13.1333  13.4667  13.3667  13.9667  13.9333  14.6333  14.5  14.9333  15  16.5  17.0667  16.7667  17.2333  16.9  15.1667  15.1  15.5333  16.9667  16.9333  16.6333  16.8667  17.2  16.4667  17.2333  16.9333  17.3667  17.3667  18.2667  17.7333  18.4667  17.4333  17.1  17.8  17.9667  17.8333  17.4  17.6  18.5667  17.7333  17.5333  18.1333  17.9667  18.2  18.0667  
11.7  12  12.0667  11.9667  12.1  12.0667  13.0667  15.1667  16.6  16.2667  16.5  16.6333  16.4667  16.6  16.0667  16.9333  17.3333  17.3333  17.7  17.9667  17.9667  18.0333  17.8667  17.6667  17.1333  17.5333  18.2667  18.4667  17.4333  19.3667  19.3  18.9  19.4667  18.7333  18.2  17.8333  17.5667  17.4  18.2  17.7333  18.3  19.5667  19.8333  20.0667  20.2333  20.3  19.5333  19.8  19.6333  19.5333  18.3  
11.4  12.7  13.3  13.1  13.5333  12.9667  12.8333  13.4667  14.2  15.0333  15.9333  16.2333  15.8667  16.1333  16.7  17.7667  18.0667  18.7667  18.8667  19.3667  19.0667  19.0333  19.4333  19.9333  20.2667  20.5333  20.3333  20.5667  20.6667  20.9667  20.1333  20.2667  19.7667  20.1  20.2333  21  21.5333  21.0333  20.3667  19.9333  20.3333  19.8667  20.3  20.6667  20.5333  20.3  20.0667  20.3333  21.5333  21.5333  21.8333  
11.7  13.1  13.4  12.9  12.5667  13.4  13.8333  14.3333  14.8333  15.3333  15.5667  16  17.2  16.8667  16.8667  17.0667  17.3333  18  18.3667  17.5333  17  17.7  17.6667  17.1667  16.7667  18.3  17.5667  17.4333  17.5667  18  18.1667  18.8333  18.3333  18.1333  17.5  18.4667  18  18.0333  17.1333  16.9667  17.5  17.3333  17.7333  17.5  17.9333  17.6667  17.8333  18.1  19.6333  19.8333  19.2  
11.6667  12.5667  13.1  12.8667  13.1  14.1667  14.7667  14.9  17  16.7333  17.4333  17.7333  18.5  18.4333  19.1  18.9333  19.0667  19.0667  18.9  18.9  18.8  19.8  20.5333  20.4667  21  20.7333  20.3333  19.7  19.8333  19.4  19.3333  20.1333  19.5333  19.5667  18.9667  19.6667  19.4333  19.1667  19.6  20.2667  19.6667  19.6  18.7667  19.1667  19.1333  18.9  19.5333  19.0333  18.8333  19.6667  18.4  
11.3667  12.4667  13  12.6667  12.6667  13.1667  13.1667  13.2  14.1333  14.2  15.2667  16  15.8333  16.4667  17.0667  17.6333  17.7333  18.3333  18.6667  18.5667  18.4667  19.3667  19.3667  19.4333  19.0667  19.1667  18.7667  18.6667  17.8333  17.6333  17.9333  18.2667  17.9333  17.4667  17.4  16.7333  17.9667  17.6667  17.4  18.7333  17.6667  17.5333  17.0333  17.3333  17.9  18  18.6667  18.3333  18.5  18.7667  18.3333  
12.3667  12.8667  12.7333  12.5  13.2333  13.4  12.9  12.8667  14.1667  14.4333  14.7  15.2  15.8333  16.4667  16.3667  18  17.9333  18.3667  17.9  18.3333  18.0333  18.3333  18.6333  18.0667  18.0333  18.3  18.1  18.6667  18.6  18.7  18.1333  18.7  18.8667  17.9333  18.2667  17.8333  19.2333  19.3333  18.9  19.1  18.8667  18.7667  18.7333  19.6  19.2667  18.9667  19.5333  19.2333  19  19.3  19.7  
11.7667  12.6667  13.3333  13.1667  13.5333  13.5333  13.6667  13.5  13.6667  13.7667  15.0667  15.0333  15.5  15.4  16  17.9667  18.1667  18.6667  19.2667  19.3333  19.9667  19.9333  19.7  20  20.2333  20.1333  20.3  20.6  20.2  19.8667  20.3  20.6  20  20.1333  20.0333  19.9667  20.4  20.0333  19.9667  19.6  19.5667  19.8  20.1  21.0333  21.4  20.7  20.4  20.5333  20.6  20.4333  19.6667  
11.7333  12.2  13.0667  13.0333  13.0333  13.5333  13.8  13.3333  13.5  14.8667  14.9667  14.4  14.9667  16.3  15.7333  16.4333  17.4  17.7667  17.9  18.2333  17.2333  17.4667  17.1667  17.1667  16.5667  16.2333  16.1333  16  15.6667  15.1333  15.8333  15.7667  16.1333  15.7  16.3333  16.4  16.7  16.8667  16.7667  17.1  17.5333  17.7667  17.7333  18.4333  19.5  19.1667  19.4333  19.4333  19.2333  19.3667  19.2  
11.1333  11.9667  12.5  13.7667  14.6333  15.2667  14.5  14.3667  14.8667  15.5333  14.7  15  15.2333  15.9667  16.8  17.6333  17.8  18.2  18.5333  18.2667  18.5667  18.4  18.7  18.7667  17.8667  17.4333  17.0667  18.3333  18.7333  19.7333  20.4  19.5  19.1667  19.9  18.9667  19.1667  19.0667  20.2667  20.0333  20.4333  21.1667  20.1  18.5667  18.6  18.9  18.3333  19.1333  18.0333  18.4333  18.7667  20.1333  
12.2333  12.5  12.4667  13.2333  14.4667  15.4333  16.4333  16.2  15.9333  15.8333  16.1667  16.8333  16.8  17.3333  17.4  17.5333  17.2333  16.9  16.6  18  18.0667  17.5667  18.0667  17.3333  18.1667  18.2667  18.8667  19.3667  19.3333  18.7667  18.4333  18.1333  18.1333  17.9  18.2333  18.2667  17.5333  17.1667  18.2667  18.1  18.6333  18.2  18.5333  18.3667  18.9  19.4667  18.6333  18.4667  19.5  19.7  19.7333  
11.6333  12  12.4  12.2333  13.4667  13.8  13.8667  14.1333  14.8333  14.4  14.2  13.2667  13.4333  14.4  15.6333  15.6667  15.5667  14.6667  15.0667  15.1667  15.4667  15.5667  15.5667  16.4333  16.8333  16.9667  17.1333  16.9667  17.3667  17.6  17.1333  18.1333  18.2  18.4333  17.8333  17.6667  17.7667  18.4333  18.0333  18.8  18.5  18.3  19.5667  19.4  20.1667  20.4  19.8667  19.9667  20  20.0667  19.7667  
11.5667  12.9667  12.6333  13.1  13.4667  14  13.7  13.8  13.8  14.3667  14.9  15.5667  16.4  15.9  15.3  15.7333  16.2333  16.0667  16  15.7667  14.9333  15.0667  15.6333  15.5667  15.9333  16.5  16.2333  16.2667  16.6333  16.9667  16.4667  17.2333  17.3333  16.4  15.2333  15.4  16.1667  16.7333  17.0667  16.9667  17.1667  17  17.3667  17.4  16.6667  17.4  17.0333  16.7  17.0333  16.8  17.1667  
11.4667  11.9333  12.5667  12.9  13.2  13.6667  14.8667  14.9667  14.9  13.9333  14.8667  14.1  14.4667  15.0333  14.9  14.4667  14.5667  14.9333  14.9  15.1  16.0667  16.0667  15.8  16.6  16.8333  16.9  17.1667  16.8667  17  17.1667  16.9333  16.1333  17.0667  17.1  16.8  16.5  16.0667  15.5333  16.3333  16.5  16.8667  17.3  17.5  17.4667  17.4667  17.7333  17.4667  17.6333  17.1333  16.5667  17.4333  
11.7667  12.2667  11.3  11.2333  12.3667  12.5  12.5  13.7333  14  13.1667  13.6  13.7667  13.3  14.3333  14.6667  15.0333  15.4333  15.5333  16.2  16.0667  16.1667  17.1  16.8  16.2667  16.0667  16.3333  16.0667  16.7333  17.1667  17.6  18.1333  17.2  17.1667  17.2333  17.5333  17.9667  18.2  18.6333  18.8  18.9667  19.2  18.3667  18.8333  18.7333  18.3333  18.5  18.3667  18.4667  19.3  18.8  18.5  
11.6667  12.9  13.4333  13.4  13.8333  14  15.2  14.9667  15.4333  15.0333  14.9  15  14.8333  14.6333  14.8  15.3333  15.8667  15.9  15.9667  16.9333  16.8667  16.7  17.3  16.9333  17.7333  17.7333  17.5667  18  17.6667  16.9333  17.6667  17.2  17.2  17.2667  17.2333  16.5333  16.5667  16.3  17.3333  19.1667  19.2  19.4  19.2667  18.2333  18.6  18.8  18.9667  19.4  19.4  19.6333  19.6  
11.6333  12.1  12.2  12.9333  12.8667  14.3  15.4  15.9  16.3333  16.2  16.9667  16.9  17.1667  17.4333  16.8667  17.7667  17.7667  18.0333  17.9667  18.1667  18.0667  18.5  18.8333  17.4  17.0667  17.3667  17.8333  17.4  16.9667  17.1  17.2  17.1667  17.2  17.6  17.4  17.1  17.7  17.8667  18.6667  18.7667  19  18.4333  18.7333  18.9667  18.6333  18.7333  19.2333  19.2667  18.5  18.6333  18.7667  
10.7333  11.8333  12.7  13.4333  12.9667  13.8333  13.2333  13.1667  13.1667  13.9  14.2333  14.8667  15.3333  14.6  14.1  13.9  14.3667  14.7667  15.1  16.3667  16.8667  17.8667  17.8667  18.1333  18.6667  19.1333  18.5667  17.6667  16.8667  16.8  17.4  17.7  17.8333  17.7333  18  18.1333  17.5333  19.1667  19.5333  20.4  19.4  19  19.6  19  19.1667  18.8333  18.3333  18.7  18.5667  19  18.5667  
10.8333  11.0667  11.4667  12  12.4333  12.9333  13.0333  13.0333  13.8333  13.9333  14.1667  13.9333  14.3  14.4667  14.5333  14.2667  14.0667  14.9667  15.2333  14.9333  15.1333  15.3333  15.3333  15.2333  14.8667  15.7  15.8  15.8667  16.4667  16.2  16.2667  16.6667  16.8  16.7667  16.6333  16.7667  17.1  17.2  17.1333  17.3  16.4333  16.9667  17.4  17.3  17.7  17.7  18.2333  18.8  18.6667  19.0667  18.9333  
10.8  11.6  11.7667  12.5667  12.9667  13.1333  13.8667  13.9  14.4667  14.2667  15.1333  14.9667  15.6333  15.6667  15.3667  15.3667  16.1  16.8  16.8667  16.8333  16.7333  16.2333  16.0667  16.3667  16.9  17.8667  17.5667  17.7  17.2667  18.2667  18.4  18.6333  18.3333  18.5  18  18.2667  18.5667  18.3667  18.0333  18.3  17.5  17.7667  18.1333  17.3  17.3667  17.1  17.7333  17.9  17.7333  16.9667  17.1  
11.2333  12.3667  12.9  12.5  13.0333  13.3  14.2333  14.4  14.4667  14.2  14.0333  14.3  14.2  14.4  14.7  15.1  14.7  14.6333  15.3  15.7667  15.5667  15.5333  15.3667  15.5333  15.1  15.0667  14.7  15.2  15.6  15.1333  15.3333  15.5667  16.2667  15.7667  16.0333  16  16.0667  16.5333  16.2667  16.4  16.6  16.8667  17  16.8667  16.4  16.5  16.9333  17.2  16.9667  17.0333  17.0667  
11.0333  12.0667  12.5333  12.9  12.8  13.1333  13.1  12.8  13.3333  13.2333  13.7333  13.9333  13.8333  14.1667  14.1  15.1333  14.8667  15.7667  16.2  16.3667  15.8  16.0333  16  16.4667  16.5333  16.5667  16.5333  16.3667  16.2667  16.6  16.4333  15.7667  16.3667  16.8333  16.6667  17.1333  17.8  17.3333  17.4667  17.3667  17.7  17.9333  18.3333  19.2333  18.8333  19.1667  18.6333  18.7  18.6  18.0333  17.9  
10.6667  11.1  11.1333  11.1  11.1  11.9667  12.0667  12.7667  12.8333  13.7333  13.8667  13.7  14.1667  15.0333  15.7667  16.3  16.6  16.7667  16.7333  16.7667  17.0333  17.5667  17.6667  17.8333  18.6  18.5333  18.5667  19.7333  18.9  17.7  17.7  18.0667  19.2333  19.6  19.5  19.7333  19.9667  19.2667  19.7333  20.0667  19.3  19.7333  19.2333  18.5333  17.9333  17.8333  17.8  17.9333  17.7333  17.7  17.8667  
11.7  11.7333  12.1667  12.1  13.1667  13.5667  14.4  14.7667  15.1333  15.3667  15.1333  15.3667  15.1333  14.8667  15.0333  15.5333  15.2667  15.9667  16.1333  16.6  16.1  15.9333  15.7  16.0667  16.3  16.3  16.9  17.6  17.3  17.4  17.6  16.3333  15.9333  15.9333  15.7667  15.7333  15.2333  15.8  15.5  15.9333  17.9333  17.4667  17.2333  17.8667  17.8333  18.2667  18.9333  18.0667  17.7333  17.1333  17.8333  
11.2333  12.3  13.2333  14.3  14.3667  13.9667  14.5333  14.4667  14.4667  14.9667  14.7333  15.5333  14.5  14.3667  14.1333  14.9667  16.1  17.1  17.5667  18.0333  18.0667  17.7667  17.6333  18.4667  18.6  18.4333  17.5333  16.9333  17.1  17  16.8667  16.6  16.6333  17.4333  18.0667  18.3667  19.3667  19.2667  19.3333  20.1667  20.8333  20.5667  21.0333  20.8  20.6333  20.0667  20  19.0333  19.4333  18.9667  18.4667  
11.8667  12.2  12.2667  13.7  14.1667  14.1667  13.4333  13.7  13.9333  14.3333  14.2333  13.8667  14.4667  14.5  14.6667  14.9333  15.3  14.8  15.2333  15.5333  16.4  16.4333  17.5333  18.5  18.1  18.3  17.4667  18.1  17.9333  19.2  18.5333  18.2333  17.9667  17.8  18.5667  18.3333  19.2667  18.3667  18.2667  18.7333  18.6333  19  18.8  18.4  18.5333  18  17.9  18.4667  19.4333  19.9  19.6667  
11.7667  12.6  13.6  13.0333  14.2  15.1667  15.4333  15.9667  16.3  16.5333  16.9667  16.2  16.2333  15.8  16.3667  17  16.8667  17.1  17.2333  17.0667  17  18.1333  18.7  18.7667  18.6333  17.4333  17.8333  18.5  19.7333  20.2  18.9667  17.9  18.5333  18.2333  18.5333  18.3667  17.0333  16.6333  16.9333  16.3333  17.0667  16.8  17.4333  16.7  17.4333  17.7  18.5333  19.4333  20.1333  20.2333  20.7333  
10.7667  11.2667  11.8667  12.3667  12.7667  12.7667  13.0667  13.7333  13.7333  13.9333  14.3667  14.2333  13.9333  14.5  14.5333  15.1333  15.7667  15.6667  16.0667  15.5667  15.8333  15.7667  15.9333  16.6  16.2333  16.2333  15.9667  16.0667  16  16.5333  16.9  17.3  17.4667  17.0667  17.6333  17.9667  17.6333  17.7  17.2333  17.3667  17.4667  16.8667  16.9333  16.6667  16.7  16.6333  16.1333  15.5333  15.8333  15.7  15.4  
12  13.2333  13.9333  13.7667  14.1  14  14.0667  14.7333  15.4  15.4333  15.2667  15.6667  15.6  15.6333  15.8667  15.2  15.9333  15.4667  15.4667  16.7333  17.4  17.7333  17  17.4  16.9667  16.8  17.4  16.8333  16.4667  16.4  16.6  17.4667  17.9333  17.9667  17.9333  17.4333  18.3  18.4667  17.7  17.3333  17.3  17.7  17.4667  17.7667  18.7  17.9  18.2667  18.4  18.6  18.8  19.8667  
