16  19  19  19  19  19  19  19  19  20  20  21  21  21  21  21  21  21  23  23  23  23  23  23  23  23  23  23  23  23  23  23  23  23  23  23  23  23  23  23  23  25  25  25  25  25  25  25  25  25  26  
16  17  19  19  19  19  19  19  19  20  20  20  20  20  21  21  22  22  22  22  22  22  22  22  22  22  22  22  22  22  24  24  24  24  24  24  24  24  24  24  25  25  25  25  25  25  25  25  25  25  25  
15  16  17  17  17  19  19  19  19  19  19  19  20  20  20  21  21  21  21  21  21  21  21  21  22  22  22  22  22  22  22  22  22  22  22  22  23  23  23  23  23  23  23  23  23  23  23  23  23  23  23  
16  17  17  17  17  17  17  17  17  19  19  19  19  20  20  20  20  20  20  20  20  20  20  20  21  21  21  21  21  21  21  21  21  23  23  23  23  23  23  23  23  23  23  23  23  24  24  24  24  24  24  
15  18  19  19  19  21  21  21  21  21  21  21  21  21  21  21  21  22  22  22  23  23  23  23  23  23  23  23  24  24  24  24  24  24  24  24  24  24  24  24  24  24  24  24  25  25  25  25  25  25  25  
17  17  17  20  20  20  20  20  20  20  22  22  22  22  22  22  23  23  23  23  23  23  23  23  23  23  23  23  24  24  24  25  25  25  25  25  25  25  25  25  25  25  25  25  25  25  25  25  25  25  25  
17  17  17  17  17  17  17  18  19  20  20  20  20  20  20  20  21  21  21  21  21  21  21  21  23  23  23  23  23  23  23  23  23  23  23  23  23  23  23  23  24  24  24  24  24  24  24  24  24  24  24  
17  17  20  20  20  20  20  21  22  22  22  22  22  23  23  24  24  24  24  24  24  24  24  24  24  24  24  24  24  24  24  24  24  24  24  24  24  24  24  24  24  24  24  24  24  24  24  24  24  24  24  
16  16  16  16  16  16  19  19  19  19  20  20  20  20  20  22  22  22  22  22  22  22  22  23  23  23  23  23  23  23  23  23  23  23  23  23  23  23  23  23  23  23  23  23  23  23  23  23  23  23  23  
16  17  18  19  19  19  19  19  19  19  19  19  20  20  22  22  22  22  22  23  23  23  23  23  23  23  23  23  23  23  23  23  23  23  23  23  23  23  23  23  23  23  23  23  25  25  25  25  25  25  25  
16  17  19  19  21  21  21  21  21  21  21  21  22  23  23  23  23  23  23  23  23  23  23  25  25  25  25  25  25  25  25  25  25  25  25  25  25  25  26  26  26  26  26  26  26  26  26  26  26  26  26  
15  15  17  17  18  19  19  19  19  19  19  20  20  20  22  22  22  22  22  22  22  22  22  22  22  22  22  22  22  22  22  22  22  22  22  22  22  22  22  22  23  23  23  23  24  24  24  24  25  25  25  
16  16  19  19  19  19  19  20  20  20  21  23  23  23  23  23  23  23  23  23  23  23  23  23  23  23  23  23  23  25  25  25  25  25  25  25  25  25  25  25  25  25  25  25  25  25  25  25  25  25  25  
18  20  20  20  21  21  21  21  21  21  21  21  21  21  21  21  21  21  21  21  22  22  22  22  22  22  22  22  22  23  23  23  23  23  23  23  23  23  23  23  23  23  23  23  23  23  23  24  24  24  24  
17  17  17  17  17  18  18  18  18  18  19  19  19  19  20  21  21  21  21  21  21  21  21  22  23  23  23  23  23  23  23  23  23  23  23  25  25  25  25  25  25  25  25  25  25  25  25  25  25  25  25  
16  16  17  17  18  18  18  18  19  19  19  19  19  19  19  19  19  19  19  20  20  20  21  21  21  21  22  22  22  22  22  22  22  22  22  22  22  22  22  22  22  22  22  23  23  23  23  23  23  23  24  
16  16  18  18  18  19  19  19  19  20  20  20  20  20  20  20  20  20  20  20  20  20  20  20  20  20  21  21  21  21  22  22  22  22  22  22  22  22  22  22  22  22  22  22  22  22  22  23  23  23  23  
16  16  16  16  16  19  19  19  19  19  19  19  19  19  19  19  19  20  21  21  21  21  21  21  21  21  21  21  21  22  22  22  22  22  22  22  22  22  24  24  24  24  24  24  24  24  24  24  24  24  24  
17  17  19  19  19  19  19  19  19  20  20  20  20  20  20  21  21  21  21  22  22  22  22  22  22  22  22  22  22  22  22  22  22  22  22  22  22  22  22  22  22  22  22  23  23  23  23  23  23  24  24  
17  17  19  20  20  20  20  20  20  21  21  21  21  21  21  21  21  21  21  21  21  21  21  21  21  21  21  21  21  21  21  23  23  23  23  23  23  23  23  23  23  23  23  23  23  23  23  23  23  23  23  
14  17  17  17  17  18  18  18  18  21  21  21  21  21  21  21  21  21  21  21  21  21  22  22  22  23  24  24  24  24  24  24  24  24  24  24  24  24  24  24  24  24  24  24  24  24  24  24  24  24  24  
15  15  15  16  16  16  16  16  16  17  17  18  18  18  19  19  19  19  19  19  19  19  19  19  19  19  19  19  19  20  20  22  22  22  22  22  22  22  22  22  22  22  22  22  22  22  22  22  23  23  23  
16  16  17  17  17  17  17  17  18  19  19  19  19  20  20  20  20  20  20  20  20  20  20  21  21  21  22  22  22  22  22  22  22  22  22  23  23  23  23  23  23  24  24  24  24  24  24  24  24  24  24  
17  17  17  18  18  18  18  18  18  19  19  19  19  19  19  20  20  21  21  21  21  21  21  21  21  21  21  21  21  21  21  21  21  21  21  21  21  21  21  21  21  21  21  21  21  21  21  21  21  21  21  
15  15  17  17  18  18  18  19  19  19  19  19  19  19  19  20  20  21  21  21  21  21  21  21  21  21  21  21  22  22  22  22  22  22  22  22  22  22  22  22  22  22  22  22  24  24  24  24  24  24  25  
14  14  14  14  14  16  17  17  17  17  18  18  19  20  20  20  20  20  20  20  21  22  22  22  22  22  23  23  23  23  23  23  23  23  23  23  23  23  23  24  24  24  24  24  24  24  24  24  24  24  24  
16  16  18  18  18  18  19  19  19  20  20  20  20  20  20  20  20  20  21  21  21  21  21  21  21  21  21  21  21  21  21  21  21  21  21  21  21  21  21  21  21  22  22  22  22  22  22  23  23  23  23  
16  17  17  17  17  18  18  18  19  19  19  21  21  21  21  21  21  21  21  22  22  22  22  22  22  22  22  22  22  22  22  22  22  22  22  24  24  24  24  24  24  24  26  26  26  26  26  26  26  26  26  
17  17  18  18  18  18  18  18  18  18  18  18  18  19  19  19  19  19  19  20  20  21  23  23  24  24  24  24  24  24  24  24  24  24  24  24  24  24  24  24  24  24  24  24  24  24  24  24  24  24  24  
17  19  19  19  19  19  21  22  22  22  22  22  22  22  22  22  22  22  22  22  23  23  23  23  23  23  23  23  23  23  23  23  23  23  23  23  23  23  23  23  23  23  23  23  23  23  23  23  24  24  24  
14  14  17  17  17  17  17  17  17  17  17  18  18  18  18  18  18  20  20  20  20  20  20  20  20  20  21  21  21  21  22  22  22  22  22  22  22  22  22  22  22  22  22  22  22  22  22  22  22  22  22  
17  18  18  18  18  18  19  19  19  19  20  20  20  20  20  20  20  20  21  21  21  21  21  21  21  21  21  21  21  21  21  21  21  21  21  21  21  22  22  22  22  22  22  23  23  23  23  23  23  23  23  
