18  18  18  19  19  20  20  21  21  22  22  22  23  23  23  23  23  23  24  24  24  24  24  25  25  26  26  26  26  26  26  26  27  27  27  27  27  27  27  27  27  27  27  27  27  27  27  27  27  27  27  
16  16  17  18  19  19  21  22  22  23  23  23  24  24  24  25  25  25  26  26  26  26  26  26  26  26  26  26  26  26  26  26  26  26  26  27  27  27  27  27  27  27  27  27  27  27  27  27  27  27  27  
16  17  17  18  21  22  22  23  23  23  23  23  24  24  24  24  24  25  25  25  26  26  26  26  26  26  26  26  26  26  26  26  26  26  26  27  27  27  27  27  27  27  27  27  27  27  27  27  27  27  27  
18  18  18  18  20  20  20  21  23  23  23  23  23  23  23  24  24  25  26  26  26  26  26  26  26  26  26  26  26  26  26  26  27  27  27  27  27  27  27  27  27  27  27  27  27  27  27  27  27  27  27  
17  18  18  19  19  19  20  20  22  22  22  22  22  23  23  24  25  25  25  25  25  25  25  25  25  25  25  26  27  27  27  27  27  27  27  27  27  27  27  27  27  27  27  27  27  27  27  27  27  27  27  
17  18  18  18  20  20  21  22  24  24  25  25  25  25  25  26  26  26  26  26  26  26  26  26  26  26  26  26  26  26  26  26  26  26  27  27  27  27  27  27  27  27  27  27  27  27  27  27  27  27  27  
18  18  21  21  22  22  23  23  24  24  24  24  24  24  25  25  25  26  26  26  26  26  26  26  26  26  26  26  27  27  27  27  27  27  27  27  27  27  27  27  27  27  27  27  27  27  27  27  27  27  27  
17  17  17  18  18  20  20  20  20  20  21  21  21  21  22  22  22  23  23  24  24  24  25  25  25  25  25  25  25  25  25  25  26  26  26  27  27  27  27  27  27  27  27  27  27  27  27  27  27  27  27  
15  20  20  20  20  21  21  22  22  23  23  23  25  25  26  26  26  26  26  26  27  27  27  27  27  27  27  27  27  27  27  27  27  27  27  27  27  27  27  27  27  27  27  27  27  27  27  27  27  27  27  
16  16  18  19  21  21  23  23  23  23  23  24  24  24  24  24  24  24  24  24  24  24  24  24  25  25  25  25  25  25  25  26  26  26  26  26  26  26  26  26  26  26  26  26  26  26  26  26  26  26  26  
15  18  18  18  19  19  21  21  22  22  24  24  24  24  25  25  25  25  25  26  26  26  26  26  26  26  26  26  26  26  26  26  26  26  26  26  26  26  26  26  26  26  26  26  26  26  26  26  26  26  26  
16  17  17  19  19  19  19  19  19  19  19  19  19  21  21  21  21  22  22  23  23  24  24  24  24  24  25  25  25  25  25  25  26  26  26  26  26  27  27  27  27  27  27  27  27  27  27  27  27  27  27  
16  16  18  20  20  20  21  21  23  23  23  23  23  23  23  23  23  24  24  24  24  25  25  25  25  25  25  25  25  25  25  25  25  25  25  25  25  25  25  25  25  25  25  25  25  25  25  25  25  25  25  
18  18  19  22  22  22  22  22  22  23  23  25  25  26  26  26  26  26  26  26  26  26  26  26  26  26  26  26  26  26  26  26  26  27  27  27  27  27  27  27  27  27  27  27  27  27  27  27  27  27  27  
16  16  18  18  19  21  21  21  21  22  23  23  23  23  24  24  24  24  24  25  25  25  25  25  25  25  25  25  25  25  25  26  26  26  26  26  26  26  26  26  27  27  27  27  27  27  27  27  27  27  27  
15  16  17  17  18  18  23  23  23  23  23  23  23  23  23  23  23  25  25  25  25  25  25  25  25  26  26  26  26  26  26  26  26  26  26  26  26  26  26  26  27  27  27  27  27  27  27  27  27  27  27  
18  20  20  20  20  21  21  21  21  22  22  23  24  24  24  24  24  24  25  25  25  25  25  25  25  25  26  26  26  26  26  26  26  27  27  27  27  27  27  27  27  27  27  27  27  27  27  27  27  27  27  
15  17  17  18  20  20  21  21  22  22  22  23  23  24  24  25  25  25  25  25  26  26  26  26  26  26  26  26  26  26  26  26  26  26  26  26  26  26  27  27  27  27  27  27  27  27  27  27  27  27  27  
15  16  16  18  18  19  20  20  20  20  20  21  21  21  23  23  23  25  25  25  25  25  25  25  25  25  25  25  25  25  25  25  25  25  25  25  25  26  26  26  26  26  26  26  26  26  26  26  26  26  26  
15  17  18  20  20  20  20  20  21  21  21  23  24  24  24  24  24  24  24  26  26  26  26  26  27  27  27  27  27  27  27  27  27  27  27  27  27  27  27  27  27  27  27  27  27  27  27  27  27  27  27  
15  17  18  18  18  20  22  22  22  23  23  23  24  24  24  24  25  25  25  26  26  26  26  26  26  26  26  26  26  26  26  26  26  26  26  26  26  26  26  26  26  26  27  27  27  27  27  27  27  27  27  
16  16  17  17  19  19  19  20  21  21  22  22  24  24  24  25  25  25  25  26  26  26  26  26  26  26  26  26  26  26  26  26  26  26  26  26  26  27  27  27  27  27  27  27  27  27  27  27  27  27  27  
17  19  19  20  20  20  21  21  21  22  22  23  23  25  25  25  25  25  25  25  25  26  27  27  27  27  27  27  27  27  27  27  27  27  27  27  27  27  27  27  27  27  27  27  27  27  27  27  27  27  27  
18  19  19  19  19  20  20  20  21  21  21  21  21  23  23  23  23  23  23  24  24  24  25  25  25  25  25  25  25  25  25  25  25  25  25  25  25  25  25  25  25  25  26  26  26  26  26  26  26  26  26  
17  17  17  17  18  19  19  19  20  22  22  23  23  23  23  23  23  24  24  24  25  25  25  25  25  25  26  26  26  26  26  26  27  27  27  27  27  27  27  27  27  27  27  27  27  27  27  27  27  27  27  
16  16  17  18  19  19  19  20  20  21  21  21  22  22  22  22  22  23  23  24  24  24  25  25  25  26  26  26  26  26  26  26  26  26  27  27  27  27  27  27  27  27  27  27  27  27  27  27  27  27  27  
15  16  17  19  19  19  19  20  20  20  20  21  22  22  23  23  23  23  24  24  24  26  26  26  26  26  26  26  26  26  26  26  26  26  26  26  26  26  26  26  26  26  26  26  26  26  26  26  26  26  26  
14  16  16  17  18  18  18  19  19  20  20  20  20  20  22  22  22  24  24  24  24  24  26  26  26  26  26  26  26  27  27  27  27  27  27  27  27  27  27  27  27  27  27  27  27  27  27  27  27  27  27  
19  19  19  20  20  21  21  23  23  23  23  23  24  24  24  24  25  25  25  25  25  26  26  26  26  26  26  26  26  26  26  26  26  26  26  26  26  26  26  26  26  26  26  26  26  26  26  26  26  26  26  
17  18  18  20  22  22  22  22  24  24  24  24  25  25  25  25  26  26  26  26  26  26  26  26  26  27  27  27  27  27  27  27  27  27  27  27  27  27  27  27  27  27  27  27  27  27  27  27  27  27  27  
