18  20  20  20  20  21  21  21  21  22  22  23  23  23  23  24  24  24  24  24  24  25  25  25  25  25  25  25  25  25  25  26  26  26  26  26  26  26  26  26  27  27  27  27  27  27  27  27  27  27  27  
15  17  17  18  22  22  22  22  23  23  24  24  24  24  24  25  25  25  25  26  26  26  26  26  26  26  26  26  27  27  27  27  27  27  27  27  27  27  27  27  27  27  27  27  27  27  27  27  27  27  27  
16  17  19  20  20  20  21  21  21  22  22  23  24  24  25  25  26  26  26  26  26  26  27  27  27  27  27  27  27  27  27  27  27  27  27  27  27  27  27  27  27  27  27  27  27  27  27  27  27  27  27  
17  17  18  19  19  19  20  20  21  21  21  21  21  23  23  23  25  25  25  25  25  26  26  26  26  26  26  26  26  27  27  27  27  27  27  27  27  27  27  27  27  27  27  27  27  27  27  27  27  27  27  
15  17  17  17  17  17  20  20  21  22  22  22  22  22  23  23  23  23  24  24  24  24  24  24  25  25  25  25  25  25  25  25  25  25  25  25  25  25  25  25  25  25  25  25  25  25  25  26  26  27  27  
16  16  17  18  18  18  19  20  20  21  22  23  23  23  25  25  25  25  25  25  25  25  26  26  26  26  26  26  27  27  27  27  27  27  27  27  27  27  27  27  27  27  27  27  27  27  27  27  27  27  27  
16  19  19  19  19  19  19  20  20  20  20  20  22  22  22  24  24  24  24  24  25  25  25  25  25  26  27  27  27  27  27  27  27  27  27  27  27  27  27  27  27  27  27  27  27  27  27  27  27  27  27  
15  18  18  21  21  22  22  22  22  23  23  23  23  24  25  25  25  25  25  26  26  26  26  26  26  26  26  27  27  27  27  27  27  27  27  27  27  27  27  27  27  27  27  27  27  27  27  27  27  27  27  
15  17  19  19  20  22  22  22  24  24  24  24  24  24  24  24  25  25  25  25  25  26  27  27  27  27  27  27  27  27  27  27  27  27  27  27  27  27  27  27  27  27  27  27  27  27  27  27  27  27  27  
16  16  16  19  19  19  20  20  21  21  21  22  23  23  23  25  26  26  26  26  26  26  26  26  26  26  26  27  27  27  27  27  27  27  27  27  27  27  27  27  27  27  27  27  27  27  27  27  27  27  27  
15  17  18  19  20  20  20  21  21  21  21  22  23  23  23  24  24  24  24  25  25  25  25  25  25  25  25  25  25  25  25  25  25  25  25  26  26  26  26  26  26  26  26  27  27  27  27  27  27  27  27  
16  18  19  19  20  20  21  21  21  21  22  22  24  24  25  25  25  25  26  26  26  26  26  26  26  26  26  26  26  26  26  26  26  26  26  26  26  26  27  27  27  27  27  27  27  27  27  27  27  27  27  
17  19  19  19  20  20  21  21  23  23  23  23  23  23  24  25  25  25  25  25  25  25  26  26  26  26  26  26  27  27  27  27  27  27  27  27  27  27  27  27  27  27  27  27  27  27  27  27  27  27  27  
16  18  18  19  19  20  22  22  23  23  23  23  23  25  25  25  25  25  25  25  25  25  25  25  25  25  25  25  25  25  25  26  26  26  26  26  26  26  26  26  26  26  26  26  26  26  27  27  27  27  27  
14  15  16  18  18  19  20  20  20  20  20  20  20  20  21  21  21  21  21  21  22  22  22  22  23  23  23  23  24  24  24  24  24  24  25  25  26  26  26  26  26  26  26  27  27  27  27  27  27  27  27  
15  16  17  19  21  21  22  22  24  24  24  25  25  25  26  26  26  26  26  26  26  26  26  26  26  26  26  26  26  26  26  26  27  27  27  27  27  27  27  27  27  27  27  27  27  27  27  27  27  27  27  
15  16  16  19  19  22  22  22  22  23  23  24  24  24  25  25  25  25  25  25  25  26  26  26  26  26  26  26  26  26  26  26  26  26  26  26  26  26  26  26  26  26  26  26  26  26  26  26  26  26  26  
16  19  21  21  21  21  21  22  23  23  24  24  24  24  24  24  25  25  25  26  26  26  26  26  27  27  27  27  27  27  27  27  27  27  27  27  27  27  27  27  27  27  27  27  27  27  27  27  27  27  27  
16  16  18  21  21  21  21  22  22  22  22  23  23  26  26  26  26  26  26  27  27  27  27  27  27  27  27  27  27  27  27  27  27  27  27  27  27  27  27  27  27  27  27  27  27  27  27  27  27  27  27  
17  17  19  20  20  21  21  21  21  21  21  23  23  23  23  23  23  23  24  24  24  24  24  24  25  25  26  26  26  26  26  26  26  26  26  27  27  27  27  27  27  27  27  27  27  27  27  27  27  27  27  
17  18  18  19  22  22  23  23  23  23  23  25  25  25  25  25  25  25  26  26  26  26  26  26  26  26  26  26  26  26  26  27  27  27  27  27  27  27  27  27  27  27  27  27  27  27  27  27  27  27  27  
14  16  19  19  19  19  20  21  21  22  22  23  23  23  23  25  25  25  25  25  26  26  27  27  27  27  27  27  27  27  27  27  27  27  27  27  27  27  27  27  27  27  27  27  27  27  27  27  27  27  27  
17  17  19  19  21  21  21  21  21  21  22  22  22  23  24  24  25  25  25  26  26  26  26  26  26  27  27  27  27  27  27  27  27  27  27  27  27  27  27  27  27  27  27  27  27  27  27  27  27  27  27  
16  16  16  17  17  19  20  20  21  22  22  22  23  23  23  23  23  23  24  24  25  25  25  25  25  26  26  26  26  26  26  26  27  27  27  27  27  27  27  27  27  27  27  27  27  27  27  27  27  27  27  
15  18  18  19  20  20  20  21  21  23  23  24  24  24  24  24  24  24  24  25  25  25  26  26  26  26  26  26  26  26  26  26  26  26  26  27  27  27  27  27  27  27  27  27  27  27  27  27  27  27  27  
15  16  18  18  18  20  24  24  24  24  24  24  24  24  25  25  25  25  25  25  25  25  25  25  25  25  25  25  25  26  26  26  26  26  26  26  26  26  27  27  27  27  27  27  27  27  27  27  27  27  27  
16  17  18  18  18  22  22  23  23  23  24  24  24  25  25  25  25  25  26  26  26  26  27  27  27  27  27  27  27  27  27  27  27  27  27  27  27  27  27  27  27  27  27  27  27  27  27  27  27  27  27  
17  17  17  17  19  21  21  22  22  22  24  24  25  25  25  25  25  25  25  25  25  25  25  26  26  26  26  26  26  26  26  26  26  26  26  26  26  26  26  26  26  26  27  27  27  27  27  27  27  27  27  
20  20  20  20  20  20  21  21  21  22  22  23  23  24  24  24  25  25  25  26  26  26  26  26  27  27  27  27  27  27  27  27  27  27  27  27  27  27  27  27  27  27  27  27  27  27  27  27  27  27  27  
15  19  19  19  19  20  20  20  20  23  23  23  23  23  23  23  24  24  24  24  24  24  24  24  24  24  24  24  25  25  25  26  26  26  26  26  26  27  27  27  27  27  27  27  27  27  27  27  27  27  27  
